json/wind.json
{"header": { "parameterUnit": "m.s-1", "parameterNumber": 3, "parameterNumberName": "northward_wind", "parameterCategory": 2, "nx": 142, "ny": 54, "refTime": "2017-02-01 23:00:00", "lo1": 180.5, "la1": 76.6, "lo2": 321.1, "la2": 23.9, "dx": 1.0, "dy": 1.0 }, "data":
[rows 0 to 21 of 54, columns 49 to 97 of 142]
0.0,0.0,0.0,0.0,0.0,0.0,0.0,0.0,0.0,0.0,0.0,0.0,0.0,0.0,0.0,0.0,0.0,0.0,0.0,0.0,0.0,0.0,0.0,0.0,0.0,0.0,0.0,0.0,0.0,0.0,0.0,0.0,0.0,0.0,0.0,0.0,0.0,0.0,0.0,0.0,0.0,0.0,0.0,0.0,0.0,0.0,0.0,0.0,0.0
0.0,0.0,0.0,0.0,0.0,0.0,0.0,0.0,0.0,1.4600000381469727,1.159999966621399,-0.15000000596046448,-1.2300000190734863,-1.7699999809265137,-2.2200000286102295,-2.119999885559082,-2.7699999809265137,-3.1700000762939453,-3.8499999046325684,-4.190000057220459,-2.880000114440918,-3.049999952316284,-3.740000009536743,-3.8399999141693115,-3.369999885559082,-2.990000009536743,-2.1700000762939453,-1.909999966621399,-0.8299999833106995,-0.3700000047683716,-0.20000000298023224,-0.4099999964237213,0.0,0.0,0.0,0.0,0.0,0.0,0.0,0.0,0.0,0.0,0.0,0.0,0.0,0.0,0.0,0.0,0.0
1.0,1.0299999713897705,1.0499999523162842,0.949999988079071,0.8600000143051147,0.5,-0.019999999552965164,-0.4399999976158142,-0.3799999952316284,-0.6800000071525574,-1.4199999570846558,-1.9600000381469727,-2.200000047683716,2.180000066757202,1.3300000429153442,-0.23000000417232513,-5.289999961853027,-3.8499999046325684,-4.800000190734863,-3.130000114440918,-2.8499999046325684,-2.380000114440918,-2.8499999046325684,-2.9600000381469727,-3.259999990463257,-4.039999961853027,-2.9700000286102295,-3.7699999809265137,-3.8499999046325684,-3.7100000381469727,-1.7999999523162842,-2.130000114440918,-3.3399999141693115,-5.360000133514404,-4.329999923706055,-4.110000133514404,-3.0299999713897705,-3.1700000762939453,-0.05999999865889549,1.340000033378601,1.690000057220459,2.440000057220459,4.650000095367432,4.980000019073486,3.7899999618530273,0.0,0.0,0.0,0.0
-0.4099999964237213,-0.47999998927116394,-0.6299999952316284,-0.5699999928474426,-0.20000000298023224,0.05999999865889549,0.5600000023841858,1.659999966621399,2.2300000190734863,-0.4000000059604645,-0.8999999761581421,-0.6600000262260437,-0.9100000262260437,-3.190000057220459,-3.390000104904175,-2.369999885559082,-2.9600000381469727,-4.400000095367432,-6.440000057220459,-5.929999828338623,-5.110000133514404,-5.679999828338623,-4.989999771118164,-5.110000133514404,-5.389999866485596,-5.0,-4.71999979019165,-4.579999923706055,-3.9800000190734863,-3.8299999237060547,-4.230000019073486,-4.920000076293945,-5.21999979019165,-5.360000133514404,-3.4800000190734863,-0.4399999976158142,-2.200000047683716,-2.4100000858306885,0.1899999976158142,1.2599999904632568,-2.7200000286102295,-2.0299999713897705,-3.7200000286102295,-4.659999847412109,-4.639999866485596,-4.449999809265137,-3.180000066757202,-3.140000104904175,-4.269999980926514
-1.7000000476837158,-1.809999942779541,-1.6299999952316284,-0.07999999821186066,1.7899999618530273,0.7699999809265137,1.1299999952316284,0.9800000190734863,-0.9800000190734863,-0.8899999856948853,-2.569999933242798,-0.9300000071525574,-1.4600000381469727,-3.259999990463257,-3.5899999141693115,-5.269999980926514,-5.139999866485596,-4.849999904632568,-4.710000038146973,-5.260000228881836,-5.289999961853027,-5.239999771118164,-4.820000171661377,-4.230000019073486,-3.5,-3.7699999809265137,-5.349999904632568,-5.119999885559082,-5.429999828338623,-3.380000114440918,-3.259999990463257,-2.549999952316284,-3.2799999713897705,-6.019999980926514,-3.359999895095825,0.3700000047683716,-0.44999998807907104,-0.8999999761581421,-1.409999966621399,-4.340000152587891,-4.090000152587891,1.1299999952316284,2.200000047683716,2.5999999046325684,0.10000000149011612,2.130000114440918,2.869999885559082,1.590000033378601,1.409999966621399
-2.4700000286102295,-0.23999999463558197,0.1899999976158142,1.1399999856948853,1.0499999523162842,0.6399999856948853,1.5499999523162842,0.699999988079071,-1.6299999952316284,-0.7400000095367432,-1.7300000190734863,-4.809999942779541,-1.2699999809265137,-2.190000057220459,-1.3600000143051147,-0.3400000035762787,-2.869999885559082,-2.640000104904175,-3.200000047683716,-2.1600000858306885,-1.7899999618530273,-3.6600000858306885,-5.769999980926514,-3.1600000858306885,-3.9200000762939453,-5.610000133514404,-4.360000133514404,-3.7799999713897705,-2.549999952316284,-2.9800000190734863,-1.9700000286102295,-2.3499999046325684,-1.659999966621399,-1.809999942779541,-6.630000114440918,0.20999999344348907,-1.6100000143051147,-3.7899999618530273,-4.360000133514404,-1.2799999713897705,1.0399999618530273,0.8199999928474426,0.1899999976158142,0.4699999988079071,0.8299999833106995,-2.75,-0.38999998569488525,0.03999999910593033,-1.840000033378601
-2.869999885559082,-0.6100000143051147,-0.1599999964237213,0.25999999046325684,1.190000057220459,1.059999942779541,2.130000114440918,1.7699999809265137,-5.690000057220459,-2.9200000762939453,-3.299999952316284,-1.6299999952316284,-1.7799999713897705,0.33000001311302185,0.949999988079071,-0.9599999785423279,-3.430000066757202,-2.1600000858306885,-2.200000047683716,-2.359999895095825,-2.509999990463257,-4.5,-5.449999809265137,-3.200000047683716,-3.0299999713897705,-3.240000009536743,-3.1700000762939453,-2.390000104904175,-2.3399999141693115,-2.25,-1.8200000524520874,-1.4600000381469727,-1.6799999475479126,-3.4800000190734863,2.9100000858306885,-0.23000000417232513,-0.5199999809265137,-1.649999976158142,1.6399999856948853,3.2799999713897705,2.740000009536743,0.6600000262260437,-0.8199999928474426,0.20000000298023224,-0.3799999952316284,0.8600000143051147,0.8700000047683716,-0.23999999463558197,1.2799999713897705
-0.3499999940395355,-1.0199999809265137,-0.5099999904632568,0.7200000286102295,0.8700000047683716,0.7099999785423279,-0.07999999821186066,-1.25,-1.2400000095367432,-1.9600000381469727,-1.0800000429153442,-0.5600000023841858,1.2200000286102295,0.20999999344348907,-0.05000000074505806,-0.009999999776482582,-0.7699999809265137,-0.550000011920929,-1.6399999856948853,-2.7200000286102295,-3.619999885559082,-4.309999942779541,-1.7200000286102295,-0.6700000166893005,-0.7200000286102295,-0.8199999928474426,-0.949999988079071,-0.800000011920929,-1.2999999523162842,-2.140000104904175,-2.140000104904175,-0.7900000214576721,0.10000000149011612,0.009999999776482582,2.359999895095825,-0.25,0.49000000953674316,-0.8500000238418579,-1.75,2.4200000762939453,2.7200000286102295,2.990000009536743,2.450000047683716,3.6700000762939453,3.8299999237060547,2.9600000381469727,3.2799999713897705,1.409999966621399,-0.14000000059604645
-1.149999976158142,-0.07000000029802322,0.8700000047683716,-1.399999976158142,0.2199999988079071,0.3799999952316284,1.0800000429153442,2.4600000381469727,-0.5799999833106995,-1.4800000190734863,-0.1899999976158142,-0.5099999904632568,-0.2199999988079071,-1.7000000476837158,-2.0399999618530273,-2.200000047683716,-2.0199999809265137,-2.390000104904175,-3.0799999237060547,-3.069999933242798,-2.4600000381469727,-2.0,-0.07000000029802322,-1.5399999618530273,0.3400000035762787,-0.0,0.4300000071525574,-0.7300000190734863,-1.3300000429153442,-1.659999966621399,-1.649999976158142,-0.3100000023841858,0.41999998688697815,-0.44999998807907104,0.44999998807907104,-0.029999999329447746,-1.3799999952316284,-0.15000000596046448,2.3399999141693115,2.740000009536743,3.759999990463257,3.869999885559082,4.570000171661377,3.890000104904175,3.390000104904175,1.7999999523162842,1.4800000190734863,-0.09000000357627869,-1.7000000476837158
-1.3899999856948853,-0.5600000023841858,-0.4699999988079071,-0.30000001192092896,-0.6299999952316284,-0.6499999761581421,-0.05000000074505806,-1.2400000095367432,-0.8500000238418579,-0.9399999976158142,-2.0299999713897705,-1.850000023841858,-1.590000033378601,-1.6299999952316284,-1.090000033378601,-2.2100000381469727,-1.6399999856948853,-0.9399999976158142,-1.1299999952316284,-1.5700000524520874,-1.2100000381469727,-0.09000000357627869,0.36000001430511475,0.6600000262260437,1.1299999952316284,0.5199999809265137,0.17000000178813934,-1.5399999618530273,-3.049999952316284,0.5299999713897705,1.440000057220459,0.33000001311302185,-0.30000001192092896,-0.6399999856948853,-1.6799999475479126,1.649999976158142,1.590000033378601,2.3299999237060547,3.549999952316284,1.0299999713897705,2.700000047683716,1.850000023841858,2.950000047683716,3.6700000762939453,3.940000057220459,2.569999933242798,2.740000009536743,1.190000057220459,-1.7200000286102295
-0.7400000095367432,-1.2400000095367432,-0.8500000238418579,-0.7799999713897705,-1.9500000476837158,1.0800000429153442,-0.2800000011920929,-0.1599999964237213,0.2199999988079071,-2.2100000381469727,-1.2999999523162842,-1.7599999904632568,-2.2899999618530273,0.4300000071525574,-0.3799999952316284,-0.36000001430511475,0.7099999785423279,-0.20000000298023224,1.340000033378601,1.2200000286102295,0.8299999833106995,0.41999998688697815,0.6899999976158142,0.8100000023841858,0.8600000143051147,0.30000001192092896,0.05000000074505806,-0.18000000715255737,-0.5400000214576721,-0.4699999988079071,-0.9399999976158142,-1.0800000429153442,-1.8600000143051147,-1.7000000476837158,0.8500000238418579,0.30000001192092896,2.0199999809265137,3.7300000190734863,4.050000190734863,4.5,4.460000038146973,3.9700000286102295,2.7899999618530273,2.0799999237060547,0.9599999785423279,-1.8600000143051147,-1.1399999856948853,-1.5399999618530273,-1.8700000047683716
-2.509999990463257,-1.340000033378601,-0.3199999928474426,-0.10999999940395355,-1.0399999618530273,-3.319999933242798,-2.609999895095825,-2.0899999141693115,-3.390000104904175,0.8999999761581421,-0.41999998688697815,-1.0800000429153442,-0.03999999910593033,-0.23999999463558197,-0.8600000143051147,-1.5,-0.8500000238418579,0.30000001192092896,-0.30000001192092896,-0.7400000095367432,-0.5899999737739563,-1.350000023841858,-1.4700000286102295,-0.4099999964237213,-1.3799999952316284,-1.4800000190734863,-1.4600000381469727,-2.0,-1.8300000429153442,-2.7300000190734863,-2.140000104904175,-2.180000066757202,-1.0399999618530273,2.049999952316284,4.480000019073486,4.050000190734863,4.429999828338623,3.9200000762939453,3.450000047683716,3.940000057220459,3.9600000381469727,3.299999952316284,1.5700000524520874,0.7599999904632568,-2.0999999046325684,-2.0799999237060547,-3.309999942779541,-6.170000076293945,-0.38999998569488525
0.25999999046325684,-0.3400000035762787,-1.8899999856948853,-3.2899999618530273,-3.4700000286102295,-2.490000009536743,-2.119999885559082,-3.8299999237060547,0.5899999737739563,1.6299999952316284,2.140000104904175,-0.6399999856948853,-0.6499999761581421,0.28999999165534973,-0.4699999988079071,-0.47999998927116394,-0.4000000059604645,0.09000000357627869,0.0,-0.20000000298023224,-0.36000001430511475,-1.5399999618530273,-1.5499999523162842,-1.1299999952316284,-1.7300000190734863,-2.059999942779541,-2.140000104904175,-2.25,-2.430000066757202,-2.5299999713897705,-1.2899999618530273,2.1600000858306885,3.9200000762939453,3.509999990463257,3.8499999046325684,3.680000066757202,2.9100000858306885,2.869999885559082,2.7899999618530273,2.2200000286102295,3.2300000190734863,2.3499999046325684,-0.5400000214576721,3.7899999618530273,1.4900000095367432,1.4600000381469727,0.6700000166893005,1.4299999475479126,3.180000066757202
-0.41999998688697815,-1.5700000524520874,-0.12999999523162842,-1.8799999952316284,-5.28000020980835,-3.9800000190734863,-3.4800000190734863,-2.880000114440918,-3.9600000381469727,-0.9700000286102295,-0.4300000071525574,-1.600000023841858,-2.4100000858306885,-1.0700000524520874,-1.0299999713897705,-1.1799999475479126,-0.25,-0.30000001192092896,-0.5199999809265137,0.8999999761581421,-0.46000000834465027,-1.2200000286102295,-1.0,-1.2699999809265137,-2.180000066757202,-2.3499999046325684,-2.9700000286102295,-3.4200000762939453,-2.619999885559082,-1.0299999713897705,2.130000114440918,2.4200000762939453,2.869999885559082,3.2799999713897705,2.569999933242798,1.690000057220459,1.840000033378601,1.600000023841858,2.319999933242798,1.4500000476837158,0.23999999463558197,-0.05999999865889549,1.7899999618530273,2.4700000286102295,-0.07000000029802322,-0.4699999988079071,-1.7000000476837158,-1.2899999618530273,-0.5899999737739563
1.0499999523162842,-0.5899999737739563,-0.38999998569488525,0.36000001430511475,-0.6700000166893005,-1.1799999475479126,-3.819999933242798,-2.2100000381469727,-2.9100000858306885,-0.3400000035762787,-1.8300000429153442,-1.5299999713897705,-4.0,-2.2100000381469727,-2.180000066757202,-1.5800000429153442,-0.25,0.30000001192092896,0.5699999928474426,-0.07000000029802322,-0.6100000143051147,0.019999999552965164,-0.4699999988079071,-1.3600000143051147,-1.9700000286102295,-2.7799999713897705,-2.509999990463257,-3.390000104904175,-1.25,1.649999976158142,0.5099999904632568,0.8100000023841858,1.309999942779541,1.4299999475479126,1.899999976158142,2.6600000858306885,1.9500000476837158,1.8899999856948853,1.9600000381469727,3.569999933242798,4.230000019073486,3.7699999809265137,3.2699999809265137,0.019999999552965164,-1.4600000381469727,-0.6600000262260437,4.699999809265137,4.139999866485596,4.059999942779541
0.029999999329447746,0.05000000074505806,0.019999999552965164,1.0399999618530273,-0.12999999523162842,-1.1399999856948853,-3.930000066757202,-2.7899999618530273,-2.0799999237060547,-0.6000000238418579,-1.7799999713897705,-3.25,-4.510000228881836,-3.2300000190734863,-3.450000047683716,-5.900000095367432,-1.600000023841858,-1.3799999952316284,-1.600000023841858,-0.05000000074505806,0.1899999976158142,-0.6600000262260437,-0.9100000262260437,-1.1100000143051147,-2.0,-2.640000104904175,-2.2799999713897705,-1.7999999523162842,-0.44999998807907104,0.5099999904632568,0.27000001072883606,0.5,0.699999988079071,1.350000023841858,2.1500000953674316,1.9900000095367432,2.7899999618530273,3.1500000953674316,5.409999847412109,5.269999980926514,5.730000019073486,4.849999904632568,5.010000228881836,5.25,5.400000095367432,4.610000133514404,0.3100000023841858,1.2599999904632568,4.960000038146973
-1.4500000476837158,0.3700000047683716,2.9700000286102295,1.4199999570846558,0.3199999928474426,4.710000038146973,-2.2200000286102295,-1.9900000095367432,-1.409999966621399,-1.7999999523162842,-1.2200000286102295,-0.7699999809265137,-2.0899999141693115,-2.5,-4.409999847412109,-7.78000020980835,-3.6700000762939453,-1.2699999809265137,-0.8899999856948853,-1.2999999523162842,-0.9900000095367432,-0.6000000238418579,-1.6299999952316284,-1.1799999475479126,-1.9199999570846558,-1.75,-1.6699999570846558,-1.1699999570846558,-0.8500000238418579,-0.4300000071525574,-0.46000000834465027,0.5699999928474426,0.9900000095367432,0.8899999856948853,1.649999976158142,2.5999999046325684,4.900000095367432,7.260000228881836,6.840000152587891,6.070000171661377,5.829999923706055,5.5,5.519999980926514,5.630000114440918,5.820000171661377,5.769999980926514,5.320000171661377,5.050000190734863,5.0
-0.3100000023841858,2.2799999713897705,2.619999885559082,2.190000057220459,1.8700000047683716,1.6299999952316284,-1.2999999523162842,-1.1200000047683716,-0.8799999952316284,0.029999999329447746,-1.1799999475479126,-1.7899999618530273,-0.9100000262260437,-3.4100000858306885,-4.340000152587891,-4.0,-1.4800000190734863,-1.440000057220459,-0.9399999976158142,-0.7099999785423279,-1.2400000095367432,-0.9700000286102295,-0.9599999785423279,-1.0099999904632568,-0.7200000286102295,-1.090000033378601,-0.8799999952316284,-0.5299999713897705,-0.699999988079071,0.33000001311302185,0.23000000417232513,1.25,0.5600000023841858,0.8899999856948853,1.7799999713897705,1.9199999570846558,3.0299999713897705,4.559999942779541,7.340000152587891,7.059999942779541,6.230000019073486,5.809999942779541,5.590000152587891,5.710000038146973,5.809999942779541,5.909999847412109,5.420000076293945,4.949999809265137,4.849999904632568
-1.5,0.5899999737739563,-0.15000000596046448,2.190000057220459,2.9700000286102295,1.2599999904632568,0.0,-0.4099999964237213,0.10000000149011612,0.03999999910593033,-0.33000001311302185,-0.2199999988079071,-0.9200000166893005,-0.14000000059604645,-2.4000000953674316,-3.4600000381469727,-3.8299999237060547,-2.009999990463257,-0.8899999856948853,-0.36000001430511475,-1.840000033378601,-4.590000152587891,-2.7699999809265137,-1.2100000381469727,-0.7699999809265137,-0.1899999976158142,-1.100000023841858,-0.8199999928474426,-0.25,-0.20000000298023224,-0.20999999344348907,-0.03999999910593033,1.0399999618530273,1.2999999523162842,1.5800000429153442,1.6799999475479126,2.4800000190734863,3.2100000381469727,3.059999942779541,2.009999990463257,2.869999885559082,6.150000095367432,5.510000228881836,4.349999904632568,4.5,4.5,4.53000020980835,4.75,5.03000020980835
1.1100000143051147,0.3400000035762787,0.8399999737739563,1.350000023841858,3.109999895095825,2.240000009536743,2.7300000190734863,-0.07999999821186066,0.3799999952316284,0.4000000059604645,-0.0,-0.36000001430511475,-1.4299999475479126,-2.049999952316284,-2.490000009536743,-1.0299999713897705,-1.2899999618530273,-0.6700000166893005,-2.990000009536743,-0.41999998688697815,0.23000000417232513,-0.7099999785423279,-0.550000011920929,-1.0800000429153442,1.100000023841858,-0.17000000178813934,-0.8100000023841858,-2.7699999809265137,-1.409999966621399,-0.23000000417232513,0.1899999976158142,0.5600000023841858,1.5199999809265137,0.7200000286102295,0.5400000214576721,1.1799999475479126,1.9500000476837158,2.4800000190734863,1.8200000524520874,1.0399999618530273,2.0799999237060547,0.699999988079071,0.8700000047683716,1.5399999618530273,3.9700000286102295,3.140000104904175,2.490000009536743,1.7699999809265137,1.6699999570846558
2.6600000858306885,2.380000114440918,1.2400000095367432,1.159999966621399,1.3799999952316284,2.4200000762939453,-0.8799999952316284,0.3400000035762787,1.6799999475479126,0.4399999976158142,-0.3400000035762787,0.25,-1.440000057220459,-0.9599999785423279,-0.5600000023841858,-0.019999999552965164,-0.23999999463558197,-1.5099999904632568,-2.559999942779541,1.3799999952316284,-0.7099999785423279,-0.7599999904632568,0.4099999964237213,-1.2999999523162842,-0.33000001311302185,-0.3799999952316284,-0.9900000095367432,-0.3400000035762787,-1.2699999809265137,-0.0,0.49000000953674316,0.30000001192092896,-0.09000000357627869,-0.09000000357627869,0.8899999856948853,1.1100000143051147,1.1100000143051147,2.2100000381469727,2.950000047683716,2.609999895095825,1.909999966621399,1.0199999809265137,-0.07999999821186066,-0.4699999988079071,-1.6299999952316284,-1.2799999713897705,-0.6700000166893005,1.4800000190734863,2.049999952316284
0.5799999833106995,1.0800000429153442,1.8300000429153442,2.390000104904175,0.1599999964237213,0.9100000262260437,0.699999988079071,-0.17000000178813934,-0.8999999761581421,-1.2400000095367432,0.5899999737739563,0.5,-1.8799999952316284,0.4000000059604645,-1.100000023841858,-0.28999999165534973,-0.49000000953674316,0.05000000074505806,0.5799999833106995,-0.49000000953674316,0.17000000178813934,-0.3700000047683716,-1.440000057220459,-0.23999999463558197,-0.5,-0.7799999713897705,-0.7300000190734863,0.5799999833106995,-0.7799999713897705,-0.5899999737739563,0.18000000715255737,0.09000000357627869,0.20000000298023224,0.550000011920929,0.75,1.2999999523162842,2.049999952316284,2.1600000858306885,2.319999933242798,2.3399999141693115,2.319999933242798,0.7900000214576721,0.9700000286102295,-1.0399999618530273,-2.4100000858306885,-2.9000000953674316,-2.7200000286102295,-2.799999952316284,-2.880000114440918
