json/wind.json
{"header": { "parameterUnit": "m.s-1", "parameterNumber": 2, "parameterNumberName": "eastward_wind", "parameterCategory": 2, "nx": 142, "ny": 54, "refTime": "2017-02-01 23:00:00", "lo1": 180.5, "la1": 76.6, "lo2": 321.1, "la2": 23.9, "dx": 1.0, "dy": 1.0 }, "data":
[rows 22 to 43 of 54, columns 50 to 99 of 142]
0.0,1.1200000047683716,1.7100000381469727,0.46000000834465027,-0.14000000059604645,0.38999998569488525,1.0199999809265137,2.5199999809265137,1.5299999713897705,1.340000033378601,-0.699999988079071,2.180000066757202,3.490000009536743,2.190000057220459,-0.3799999952316284,0.009999999776482582,2.559999942779541,2.119999885559082,3.4200000762939453,3.7100000381469727,3.7899999618530273,3.430000066757202,3.5899999141693115,4.449999809265137,2.4800000190734863,2.4100000858306885,2.059999942779541,1.7100000381469727,1.190000057220459,0.5,0.25,0.05999999865889549,0.5699999928474426,0.8600000143051147,1.0199999809265137,1.149999976158142,1.159999966621399,0.6000000238418579,0.9900000095367432,1.6200000047683716,2.0899999141693115,2.259999990463257,3.440000057220459,3.6600000858306885,5.889999866485596,5.71999979019165,6.630000114440918,7.300000190734863,8.25,9.050000190734863
-0.5899999737739563,0.8299999833106995,3.7799999713897705,-0.1899999976158142,2.140000104904175,-0.03999999910593033,-0.6200000047683716,-0.6600000262260437,2.390000104904175,0.949999988079071,0.28999999165534973,2.4800000190734863,2.890000104904175,0.75,1.0299999713897705,0.9900000095367432,1.3200000524520874,2.819999933242798,2.2300000190734863,2.990000009536743,2.200000047683716,3.190000057220459,3.5999999046325684,3.359999895095825,2.2899999618530273,2.2699999809265137,1.5,1.7400000095367432,1.2000000476837158,1.100000023841858,1.2200000286102295,-0.3499999940395355,0.47999998927116394,0.4099999964237213,0.4300000071525574,1.25,1.440000057220459,1.25,1.2599999904632568,1.399999976158142,1.3200000524520874,1.590000033378601,1.7300000190734863,2.450000047683716,1.4600000381469727,2.1500000953674316,2.259999990463257,5.179999828338623,6.28000020980835,7.289999961853027
2.009999990463257,3.0,5.949999809265137,2.740000009536743,1.3899999856948853,1.659999966621399,0.6800000071525574,3.2200000286102295,4.269999980926514,2.4100000858306885,4.71999979019165,6.360000133514404,-0.4300000071525574,0.6000000238418579,3.690000057220459,3.740000009536743,3.6500000953674316,2.8299999237060547,2.119999885559082,4.050000190734863,1.909999966621399,3.049999952316284,4.099999904632568,3.0399999618530273,2.8499999046325684,3.759999990463257,4.420000076293945,2.6700000762939453,3.5799999237060547,6.929999828338623,7.03000020980835,7.940000057220459,1.090000033378601,1.559999942779541,1.4900000095367432,1.1399999856948853,1.2000000476837158,0.8799999952316284,1.7899999618530273,0.9200000166893005,0.699999988079071,0.8999999761581421,1.1200000047683716,2.259999990463257,1.7999999523162842,2.069999933242798,1.9299999475479126,2.5299999713897705,3.6600000858306885,4.289999961853027
6.579999923706055,1.8200000524520874,0.41999998688697815,1.2400000095367432,1.2899999618530273,2.009999990463257,4.739999771118164,5.039999961853027,5.139999866485596,6.0,10.289999961853027,6.710000038146973,7.190000057220459,5.800000190734863,0.550000011920929,2.809999942779541,3.940000057220459,5.480000019073486,3.859999895095825,2.140000104904175,2.0399999618530273,3.2300000190734863,2.450000047683716,3.5999999046325684,3.509999990463257,3.7899999618530273,4.730000019073486,3.359999895095825,2.6700000762939453,7.929999828338623,3.9800000190734863,8.869999885559082,4.570000171661377,2.430000066757202,2.2200000286102295,1.659999966621399,0.9100000262260437,0.20999999344348907,-0.009999999776482582,-0.4399999976158142,-0.6600000262260437,-1.659999966621399,-1.3600000143051147,-0.6899999976158142,0.7300000190734863,1.4800000190734863,2.0399999618530273,1.9600000381469727,2.200000047683716,2.799999952316284
7.230000019073486,6.019999980926514,4.019999980926514,5.599999904632568,2.5,4.559999942779541,5.820000171661377,2.8499999046325684,3.4600000381469727,5.159999847412109,1.809999942779541,6.820000171661377,0.8600000143051147,3.25,7.309999942779541,6.420000076293945,2.299999952316284,3.5199999809265137,5.230000019073486,3.8399999141693115,4.320000171661377,2.069999933242798,3.390000104904175,3.299999952316284,2.680000066757202,4.849999904632568,6.179999828338623,5.900000095367432,4.590000152587891,7.53000020980835,8.760000228881836,4.699999809265137,3.7899999618530273,2.569999933242798,2.309999942779541,1.409999966621399,1.309999942779541,-0.10999999940395355,-1.0399999618530273,-1.399999976158142,-1.340000033378601,-1.5499999523162842,-2.7899999618530273,-1.8899999856948853,-0.2800000011920929,0.6800000071525574,0.6000000238418579,0.7300000190734863,0.8199999928474426,1.059999942779541
8.399999618530273,4.909999847412109,2.799999952316284,0.699999988079071,1.059999942779541,3.1600000858306885,4.630000114440918,6.019999980926514,5.190000057220459,5.269999980926514,4.980000019073486,2.059999942779541,0.3499999940395355,2.049999952316284,6.46999979019165,10.479999542236328,5.429999828338623,4.340000152587891,4.909999847412109,6.639999866485596,5.980000019073486,5.690000057220459,5.170000076293945,6.53000020980835,5.860000133514404,5.28000020980835,7.550000190734863,6.650000095367432,4.429999828338623,5.840000152587891,4.78000020980835,8.890000343322754,4.690000057220459,3.7899999618530273,2.3399999141693115,2.049999952316284,2.359999895095825,1.059999942779541,1.4800000190734863,1.2799999713897705,-0.5299999713897705,0.41999998688697815,0.41999998688697815,-0.6399999856948853,-0.20000000298023224,-0.7099999785423279,-0.07000000029802322,0.4399999976158142,0.8199999928474426,1.190000057220459
7.159999847412109,7.46999979019165,7.28000020980835,-0.3499999940395355,1.0800000429153442,3.009999990463257,3.009999990463257,4.110000133514404,3.4600000381469727,2.819999933242798,2.700000047683716,0.17000000178813934,6.210000038146973,5.920000076293945,4.559999942779541,10.229999542236328,8.100000381469727,2.390000104904175,1.0399999618530273,2.259999990463257,4.460000038146973,4.840000152587891,5.769999980926514,6.559999942779541,4.369999885559082,5.300000190734863,5.190000057220459,4.320000171661377,5.610000133514404,6.489999771118164,5.53000020980835,4.440000057220459,3.549999952316284,4.349999904632568,2.609999895095825,3.5899999141693115,1.909999966621399,2.0799999237060547,2.380000114440918,1.8700000047683716,0.44999998807907104,0.41999998688697815,0.9200000166893005,1.7999999523162842,1.350000023841858,1.0,1.090000033378601,0.8500000238418579,0.5899999737739563,1.0099999904632568
8.3100004196167,8.4399995803833,8.130000114440918,7.789999961853027,7.800000190734863,4.510000228881836,1.690000057220459,3.450000047683716,4.460000038146973,-1.6699999570846558,3.8399999141693115,4.300000190734863,1.8700000047683716,3.869999885559082,1.399999976158142,1.9600000381469727,12.789999961853027,2.380000114440918,2.700000047683716,3.009999990463257,4.739999771118164,2.8399999141693115,3.1700000762939453,3.7899999618530273,3.3399999141693115,5.110000133514404,4.909999847412109,4.679999828338623,4.949999809265137,3.880000114440918,3.7200000286102295,4.420000076293945,3.059999942779541,2.640000104904175,1.690000057220459,2.2200000286102295,2.0199999809265137,1.840000033378601,2.4600000381469727,3.4800000190734863,0.550000011920929,3.359999895095825,4.75,2.180000066757202,2.4100000858306885,1.350000023841858,1.2300000190734863,1.2200000286102295,1.2300000190734863,1.0
7.590000152587891,8.0,9.380000114440918,9.15999984741211,8.729999542236328,1.5700000524520874,2.9000000953674316,1.8300000429153442,2.130000114440918,1.809999942779541,2.2899999618530273,2.299999952316284,5.230000019073486,2.569999933242798,1.5700000524520874,2.630000114440918,2.369999885559082,6.130000114440918,4.400000095367432,3.809999942779541,4.639999866485596,2.5,3.0999999046325684,3.0199999809265137,3.109999895095825,3.259999990463257,3.619999885559082,3.3399999141693115,2.1600000858306885,2.930000066757202,2.680000066757202,2.359999895095825,2.809999942779541,1.1299999952316284,1.559999942779541,1.2100000381469727,1.4700000286102295,1.7000000476837158,1.5399999618530273,1.8700000047683716,3.9200000762939453,2.299999952316284,4.360000133514404,3.559999942779541,0.33000001311302185,1.090000033378601,0.4000000059604645,0.9100000262260437,0.8899999856948853,1.3600000143051147
7.190000057220459,6.889999866485596,6.619999885559082,7.010000228881836,9.100000381469727,2.9000000953674316,2.5899999141693115,2.2100000381469727,3.609999895095825,-0.4699999988079071,1.0299999713897705,4.230000019073486,0.1899999976158142,0.8799999952316284,1.5800000429153442,1.8300000429153442,3.9700000286102295,2.559999942779541,2.359999895095825,2.2899999618530273,2.5899999141693115,1.0399999618530273,1.8899999856948853,2.5299999713897705,2.700000047683716,2.7100000381469727,2.180000066757202,1.9299999475479126,1.350000023841858,0.3199999928474426,1.7000000476837158,1.1799999475479126,1.3200000524520874,0.3100000023841858,1.2000000476837158,1.1200000047683716,1.4299999475479126,1.2300000190734863,2.7100000381469727,3.109999895095825,3.109999895095825,2.880000114440918,1.940000057220459,1.2100000381469727,1.059999942779541,-1.9299999475479126,-2.0199999809265137,-1.0399999618530273,0.7699999809265137,0.3799999952316284
9.260000228881836,9.109999656677246,9.430000305175781,7.949999809265137,7.440000057220459,4.369999885559082,3.4700000286102295,4.21999979019165,6.230000019073486,4.690000057220459,5.579999923706055,1.899999976158142,1.2100000381469727,1.3300000429153442,1.3899999856948853,1.600000023841858,1.9900000095367432,0.3199999928474426,2.190000057220459,4.099999904632568,2.690000057220459,2.359999895095825,3.259999990463257,2.1700000762939453,2.390000104904175,0.47999998927116394,0.07000000029802322,-0.4099999964237213,-0.09000000357627869,-0.7799999713897705,-0.5699999928474426,-1.2599999904632568,-0.27000001072883606,-0.6000000238418579,-0.20999999344348907,0.5699999928474426,0.3199999928474426,2.549999952316284,2.319999933242798,3.2100000381469727,3.819999933242798,2.2200000286102295,5.519999980926514,6.900000095367432,3.869999885559082,2.509999990463257,3.640000104904175,3.5,3.440000057220459,-0.47999998927116394
9.199999809265137,10.270000457763672,9.100000381469727,8.59000015258789,8.649999618530273,3.1500000953674316,4.639999866485596,3.4100000858306885,-0.6800000071525574,3.7200000286102295,0.9599999785423279,2.009999990463257,-0.14000000059604645,1.0099999904632568,1.1299999952316284,2.490000009536743,-0.27000001072883606,-2.0399999618530273,4.75,5.260000228881836,-1.559999942779541,-0.10000000149011612,1.9900000095367432,-0.5099999904632568,-0.5699999928474426,-0.4300000071525574,0.6800000071525574,0.28999999165534973,-0.8799999952316284,-1.8700000047683716,-0.15000000596046448,-0.5,-0.7099999785423279,0.3700000047683716,2.680000066757202,2.930000066757202,3.8399999141693115,2.4600000381469727,3.490000009536743,2.759999990463257,3.7300000190734863,4.46999979019165,6.369999885559082,2.130000114440918,3.3499999046325684,2.259999990463257,5.78000020980835,3.740000009536743,0.11999999731779099,1.059999942779541
9.039999961853027,8.180000305175781,6.880000114440918,7.78000020980835,7.340000152587891,2.4200000762939453,-0.25,2.890000104904175,0.5099999904632568,2.4800000190734863,1.2200000286102295,1.2699999809265137,1.6399999856948853,-3.7100000381469727,-1.100000023841858,-0.9900000095367432,2.8399999141693115,3.0899999141693115,3.059999942779541,0.14000000059604645,0.4000000059604645,-4.380000114440918,-2.7300000190734863,-3.0,-1.5,3.8499999046325684,-4.550000190734863,-1.8799999952316284,-1.5499999523162842,-2.2699999809265137,-1.100000023841858,-0.4300000071525574,0.6399999856948853,0.5699999928474426,2.8499999046325684,2.7200000286102295,2.7799999713897705,3.75,3.490000009536743,4.199999809265137,3.9000000953674316,4.559999942779541,7.329999923706055,1.899999976158142,3.2699999809265137,1.5,2.619999885559082,2.559999942779541,2.4600000381469727,3.259999990463257
7.650000095367432,7.190000057220459,7.559999942779541,6.699999809265137,4.630000114440918,1.3300000429153442,-0.23000000417232513,0.27000001072883606,-2.2899999618530273,0.6800000071525574,-0.7599999904632568,1.4900000095367432,-0.5899999737739563,-0.4300000071525574,2.5899999141693115,2.0299999713897705,-0.23000000417232513,-2.609999895095825,-0.27000001072883606,-0.7599999904632568,-0.05000000074505806,1.4299999475479126,-2.5399999618530273,-2.369999885559082,-1.659999966621399,-5.579999923706055,-4.769999980926514,-3.4600000381469727,-3.0,-2.759999990463257,-1.1299999952316284,-0.6100000143051147,0.2800000011920929,2.619999885559082,2.740000009536743,2.4800000190734863,3.700000047683716,3.430000066757202,3.9000000953674316,4.670000076293945,3.990000009536743,5.289999961853027,7.880000114440918,2.940000057220459,2.940000057220459,2.059999942779541,2.0999999046325684,2.700000047683716,3.450000047683716,3.6700000762939453
7.510000228881836,8.149999618530273,6.679999828338623,5.099999904632568,1.2999999523162842,-1.7799999713897705,0.009999999776482582,-1.5299999713897705,-0.800000011920929,-0.800000011920929,-1.3200000524520874,0.03999999910593033,0.25,-2.259999990463257,-2.7200000286102295,-1.5399999618530273,-4.230000019073486,-0.0,-0.8500000238418579,1.7000000476837158,1.3799999952316284,-1.399999976158142,-0.8299999833106995,-1.7100000381469727,-1.0,-3.5199999809265137,-2.430000066757202,-4.539999961853027,-3.6700000762939453,-2.9800000190734863,-2.1500000953674316,-0.5799999833106995,2.1700000762939453,2.0399999618530273,2.4800000190734863,3.8499999046325684,4.869999885559082,3.890000104904175,3.6500000953674316,5.559999942779541,4.190000057220459,3.490000009536743,3.2200000286102295,2.4800000190734863,2.3299999237060547,2.059999942779541,2.700000047683716,2.0299999713897705,0.8799999952316284,0.8299999833106995
5.980000019073486,6.929999828338623,4.840000152587891,1.590000033378601,-0.5199999809265137,0.3100000023841858,0.47999998927116394,-2.2100000381469727,-1.6799999475479126,-1.0,-1.8799999952316284,-3.2200000286102295,-0.8999999761581421,-0.5400000214576721,0.47999998927116394,1.590000033378601,-0.05000000074505806,0.1899999976158142,-1.6399999856948853,-3.6500000953674316,-1.7999999523162842,-0.949999988079071,-2.2200000286102295,-0.28999999165534973,0.7799999713897705,-4.920000076293945,-2.8299999237060547,-3.7300000190734863,-3.9700000286102295,-3.4100000858306885,-2.630000114440918,-0.5299999713897705,-0.12999999523162842,2.8499999046325684,3.5199999809265137,5.059999942779541,6.46999979019165,4.199999809265137,3.680000066757202,2.8299999237060547,3.859999895095825,3.680000066757202,3.0299999713897705,2.059999942779541,2.5399999618530273,1.7999999523162842,1.2999999523162842,1.2899999618530273,1.7400000095367432,1.149999976158142
7.300000190734863,5.119999885559082,2.759999990463257,0.09000000357627869,-0.3400000035762787,-2.0899999141693115,-2.9200000762939453,-0.7300000190734863,-3.130000114440918,-1.600000023841858,0.6200000047683716,-2.7200000286102295,0.2199999988079071,-2.869999885559082,-1.309999942779541,0.6299999952316284,0.05999999865889549,1.159999966621399,-2.049999952316284,0.550000011920929,-4.099999904632568,-1.5499999523162842,-1.090000033378601,3.7200000286102295,4.320000171661377,3.5,4.170000076293945,1.809999942779541,-2.2699999809265137,-2.7899999618530273,-2.0299999713897705,-0.05000000074505806,2.640000104904175,2.609999895095825,3.859999895095825,4.110000133514404,2.690000057220459,4.239999771118164,2.7100000381469727,2.5999999046325684,3.0,2.509999990463257,1.4199999570846558,0.6200000047683716,1.7400000095367432,1.7100000381469727,1.4600000381469727,0.5400000214576721,0.36000001430511475,-0.6499999761581421
5.5,3.890000104904175,1.159999966621399,-0.1899999976158142,0.10000000149011612,-2.8299999237060547,-2.200000047683716,-0.7200000286102295,-2.2799999713897705,-2.9000000953674316,1.940000057220459,-2.640000104904175,-4.28000020980835,0.1599999964237213,-2.559999942779541,-2.0799999237060547,-3.2799999713897705,-1.2699999809265137,-1.8700000047683716,-2.1600000858306885,-0.6800000071525574,2.7100000381469727,-1.659999966621399,-0.49000000953674316,-1.3300000429153442,-1.0099999904632568,-1.9500000476837158,-2.069999933242798,-1.600000023841858,1.8200000524520874,3.6500000953674316,4.28000020980835,4.78000020980835,4.849999904632568,5.079999923706055,2.990000009536743,2.430000066757202,2.700000047683716,3.4700000286102295,1.9500000476837158,1.9700000286102295,1.4900000095367432,0.800000011920929,1.4600000381469727,0.7699999809265137,1.559999942779541,1.5299999713897705,1.4500000476837158,-0.11999999731779099,-0.10999999940395355
4.869999885559082,1.5399999618530273,0.33000001311302185,-1.2899999618530273,-2.680000066757202,-3.0399999618530273,-6.070000171661377,0.5099999904632568,-0.30000001192092896,-2.7200000286102295,-1.600000023841858,-3.9800000190734863,-2.759999990463257,-2.859999895095825,-1.1699999570846558,-1.2599999904632568,-2.430000066757202,-2.240000009536743,-1.3200000524520874,-2.059999942779541,-2.7799999713897705,-1.2000000476837158,-2.2899999618530273,-0.05000000074505806,5.940000057220459,4.28000020980835,4.059999942779541,3.0199999809265137,1.7000000476837158,2.4800000190734863,1.7100000381469727,3.8399999141693115,4.460000038146973,5.210000038146973,5.099999904632568,5.989999771118164,4.670000076293945,3.190000057220459,2.319999933242798,2.859999895095825,0.4399999976158142,1.8700000047683716,0.5099999904632568,0.20000000298023224,-0.10000000149011612,0.8600000143051147,1.2999999523162842,1.1799999475479126,2.299999952316284,0.8899999856948853
3.509999990463257,1.5399999618530273,-0.3499999940395355,-1.3700000047683716,-3.2100000381469727,-4.909999847412109,-7.21999979019165,-7.090000152587891,-4.860000133514404,-1.0199999809265137,2.0799999237060547,0.7699999809265137,-0.2199999988079071,3.0199999809265137,-0.6899999976158142,-1.8600000143051147,-1.2599999904632568,2.0399999618530273,-1.9600000381469727,6.929999828338623,6.440000057220459,2.8499999046325684,-1.1200000047683716,-2.6500000953674316,2.0899999141693115,1.7999999523162842,4.099999904632568,5.480000019073486,5.28000020980835,4.5,8.039999961853027,4.449999809265137,4.369999885559082,4.119999885559082,3.990000009536743,3.2200000286102295,3.7200000286102295,2.059999942779541,2.1500000953674316,1.659999966621399,0.4699999988079071,0.07000000029802322,-0.1899999976158142,-1.1799999475479126,-0.699999988079071,-0.5899999737739563,-1.559999942779541,0.4099999964237213,-0.6000000238418579,-0.5199999809265137
2.7799999713897705,0.7799999713897705,-1.8700000047683716,-3.5,-5.179999828338623,-6.28000020980835,-8.079999923706055,-7.150000095367432,-4.989999771118164,-5.130000114440918,-0.1899999976158142,-3.059999942779541,0.6100000143051147,-0.2199999988079071,5.03000020980835,-0.9200000166893005,0.6399999856948853,3.2699999809265137,-0.4099999964237213,1.2699999809265137,1.059999942779541,-1.0700000524520874,-1.440000057220459,-0.8600000143051147,1.5,1.2699999809265137,1.75,2.990000009536743,4.829999923706055,2.140000104904175,3.2200000286102295,5.019999980926514,5.170000076293945,4.289999961853027,-1.0299999713897705,-2.5199999809265137,-0.6600000262260437,2.5399999618530273,2.190000057220459,1.1399999856948853,0.1899999976158142,-0.6000000238418579,-0.7300000190734863,-2.109999895095825,-0.7699999809265137,-0.949999988079071,-1.0399999618530273,-0.12999999523162842,-0.20000000298023224,-1.2599999904632568
2.2899999618530273,0.6000000238418579,-1.909999966621399,-4.650000095367432,-5.78000020980835,-7.239999771118164,-8.199999809265137,-8.579999923706055,-5.309999942779541,-0.18000000715255737,-3.940000057220459,0.8999999761581421,1.840000033378601,-1.0800000429153442,0.8999999761581421,-3.369999885559082,-0.550000011920929,-2.390000104904175,1.7699999809265137,3.5,3.9100000858306885,4.420000076293945,-1.3200000524520874,3.5,4.380000114440918,1.5700000524520874,2.930000066757202,4.269999980926514,6.690000057220459,3.4200000762939453,1.5700000524520874,2.299999952316284,1.4700000286102295,0.8500000238418579,0.6200000047683716,2.4700000286102295,1.7400000095367432,2.2200000286102295,2.049999952316284,0.5899999737739563,-0.4000000059604645,-1.809999942779541,-0.5,-2.7200000286102295,0.7200000286102295,-0.8700000047683716,0.7799999713897705,-0.7599999904632568,-0.6100000143051147,-0.8799999952316284
