json/wind.json
{"header": { "parameterUnit": "m.s-1", "parameterNumber": 2, "parameterNumberName": "eastward_wind", "parameterCategory": 2, "nx": 142, "ny": 54, "refTime": "2017-02-01 23:00:00", "lo1": 180.5, "la1": 76.6, "lo2": 321.1, "la2": 23.9, "dx": 1.0, "dy": 1.0 }, "data":
[rows 22 to 43 of 54, columns 0 to 49 of 142]
0.0,0.0,-0.3799999952316284,-0.9399999976158142,-1.350000023841858,-0.7300000190734863,-1.1799999475479126,-1.5399999618530273,-1.2100000381469727,-1.75,-3.4100000858306885,-3.930000066757202,-5.360000133514404,-6.150000095367432,-5.900000095367432,-6.119999885559082,-8.130000114440918,-7.429999828338623,-5.739999771118164,-7.369999885559082,-4.070000171661377,-9.579999923706055,-9.020000457763672,-7.78000020980835,-6.96999979019165,-6.699999809265137,-8.039999961853027,-9.859999656677246,-8.449999809265137,-6.909999847412109,-6.53000020980835,-6.940000057220459,-4.570000171661377,-8.1899995803833,-9.470000267028809,-9.970000267028809,-9.850000381469727,-10.270000457763672,-10.40999984741211,-8.609999656677246,-6.599999904632568,-5.420000076293945,-3.940000057220459,-1.9800000190734863,-0.14000000059604645,-0.3700000047683716,-0.49000000953674316,-1.0299999713897705,-1.0499999523162842,-1.350000023841858
0.0,-1.7699999809265137,-1.1299999952316284,-1.559999942779541,-1.3700000047683716,-0.1599999964237213,-0.6600000262260437,-0.9200000166893005,-0.6899999976158142,-0.8600000143051147,-1.149999976158142,-2.2799999713897705,-4.579999923706055,-6.150000095367432,-6.579999923706055,-4.909999847412109,-9.0,-7.639999866485596,-8.289999961853027,-7.059999942779541,-5.699999809265137,-7.489999771118164,-8.600000381469727,-7.03000020980835,-6.659999847412109,-6.849999904632568,-6.849999904632568,-8.760000228881836,-7.739999771118164,-6.480000019073486,-4.010000228881836,-2.319999933242798,-1.649999976158142,-1.5199999809265137,-1.100000023841858,-3.690000057220459,-5.940000057220459,-7.099999904632568,-5.260000228881836,-3.5299999713897705,-4.53000020980835,-4.300000190734863,-4.590000152587891,3.509999990463257,4.849999904632568,4.519999980926514,3.450000047683716,5.389999866485596,2.7699999809265137,0.5699999928474426
-1.9299999475479126,-1.3300000429153442,-0.7099999785423279,-0.6200000047683716,-0.20000000298023224,-0.12999999523162842,-0.1599999964237213,-0.41999998688697815,-0.8100000023841858,-1.399999976158142,-0.8299999833106995,-0.3700000047683716,-2.2799999713897705,-2.890000104904175,-3.2100000381469727,-4.639999866485596,-5.599999904632568,-6.679999828338623,-7.429999828338623,-6.880000114440918,-7.139999866485596,-5.920000076293945,-6.949999809265137,-7.559999942779541,-7.099999904632568,-7.389999866485596,-6.920000076293945,-7.619999885559082,-9.470000267028809,-5.860000133514404,-1.0800000429153442,-0.699999988079071,-1.559999942779541,-1.600000023841858,-0.44999998807907104,-0.36000001430511475,1.2100000381469727,3.940000057220459,6.599999904632568,8.65999984741211,11.270000457763672,10.220000267028809,10.119999885559082,15.100000381469727,13.34000015258789,8.029999732971191,5.420000076293945,3.0899999141693115,7.739999771118164,-0.10000000149011612
0.0,0.0,0.0,-0.8600000143051147,-0.11999999731779099,1.0099999904632568,1.2599999904632568,1.0800000429153442,0.5199999809265137,-0.09000000357627869,-1.3899999856948853,-1.7699999809265137,-1.440000057220459,-2.450000047683716,-2.2699999809265137,-3.0899999141693115,-3.359999895095825,-3.509999990463257,-4.539999961853027,-5.159999847412109,-5.570000171661377,-6.360000133514404,-7.010000228881836,-7.769999980926514,-8.010000228881836,-7.46999979019165,-7.699999809265137,-6.869999885559082,-6.179999828338623,-3.390000104904175,2.7699999809265137,2.140000104904175,0.5799999833106995,-0.4099999964237213,-1.340000033378601,-2.450000047683716,0.15000000596046448,2.4800000190734863,4.920000076293945,6.5,7.699999809265137,9.170000076293945,10.420000076293945,10.59000015258789,10.039999961853027,8.84000015258789,7.429999828338623,7.300000190734863,6.619999885559082,8.09000015258789
0.0,0.0,0.0,0.0,0.0,0.0,1.25,1.5399999618530273,1.8600000143051147,1.850000023841858,0.6499999761581421,-0.15000000596046448,-1.3700000047683716,-2.740000009536743,-4.139999866485596,-4.400000095367432,-4.349999904632568,-3.4100000858306885,-3.3299999237060547,-5.28000020980835,-6.539999961853027,-7.360000133514404,-6.929999828338623,-7.989999771118164,-7.96999979019165,-7.190000057220459,-6.75,-6.809999942779541,-5.25,-3.359999895095825,0.8500000238418579,-0.23000000417232513,-1.1399999856948853,-0.8999999761581421,-2.0899999141693115,0.27000001072883606,3.0199999809265137,3.380000114440918,5.539999961853027,5.989999771118164,7.019999980926514,7.360000133514404,7.869999885559082,7.909999847412109,8.0600004196167,7.340000152587891,6.21999979019165,7.739999771118164,9.90999984741211,7.889999866485596
0.0,0.0,0.0,0.0,0.0,0.0,0.0,0.0,0.0,1.8799999952316284,1.2699999809265137,0.46000000834465027,-0.9300000071525574,-2.819999933242798,-4.039999961853027,-4.619999885559082,-4.309999942779541,-4.670000076293945,-5.269999980926514,-6.320000171661377,-8.529999732971191,-8.649999618530273,-8.619999885559082,-7.96999979019165,-7.960000038146973,-7.659999847412109,-6.880000114440918,-6.449999809265137,-4.96999979019165,-1.5700000524520874,-0.9100000262260437,-0.550000011920929,-0.1899999976158142,0.5699999928474426,0.6100000143051147,0.3400000035762787,1.5099999904632568,2.6500000953674316,3.75,5.539999961853027,6.929999828338623,7.789999961853027,5.869999885559082,5.25,6.78000020980835,7.210000038146973,6.980000019073486,7.260000228881836,8.289999961853027,8.420000076293945
0.0,0.0,0.0,0.0,0.0,0.0,0.0,0.0,0.0,0.0,0.0,0.0,-0.5799999833106995,-2.390000104904175,-3.609999895095825,-4.110000133514404,-4.610000133514404,-6.28000020980835,-7.139999866485596,-7.53000020980835,-8.670000076293945,-8.729999542236328,-8.729999542236328,-9.649999618530273,-7.820000171661377,-8.149999618530273,-7.21999979019165,-5.269999980926514,-5.110000133514404,-2.619999885559082,-2.2300000190734863,-1.9900000095367432,-2.069999933242798,-2.2200000286102295,-1.9800000190734863,-0.18000000715255737,0.029999999329447746,0.8399999737739563,3.140000104904175,3.309999942779541,7.230000019073486,7.840000152587891,7.369999885559082,9.050000190734863,7.239999771118164,7.269999980926514,6.800000190734863,7.360000133514404,7.389999866485596,8.289999961853027
0.0,0.0,0.0,0.0,0.0,0.0,0.0,0.0,0.0,0.0,0.0,0.0,0.0,0.0,-2.4600000381469727,-3.109999895095825,-4.340000152587891,-6.090000152587891,-7.579999923706055,-9.430000305175781,-9.789999961853027,-10.119999885559082,-10.680000305175781,-8.699999809265137,-8.880000114440918,-9.119999885559082,-8.579999923706055,-6.269999980926514,-5.340000152587891,-2.569999933242798,-4.460000038146973,-4.869999885559082,-1.7000000476837158,-2.7200000286102295,-3.4800000190734863,-4.289999961853027,-1.4600000381469727,2.130000114440918,5.179999828338623,4.880000114440918,5.829999923706055,6.71999979019165,6.46999979019165,6.360000133514404,7.610000133514404,7.960000038146973,8.289999961853027,6.840000152587891,7.610000133514404,8.630000114440918
0.0,0.0,0.0,0.0,0.0,0.0,0.0,0.0,0.0,0.0,0.0,0.0,0.0,0.0,0.0,0.0,-4.630000114440918,-5.789999961853027,-6.920000076293945,-7.829999923706055,-8.600000381469727,-9.0,-9.350000381469727,-9.430000305175781,-8.640000343322754,-8.359999656677246,-7.019999980926514,-7.0,-6.679999828338623,-6.489999771118164,-6.909999847412109,-5.159999847412109,-6.760000228881836,-5.639999866485596,-2.690000057220459,-3.640000104904175,-0.15000000596046448,0.20999999344348907,3.4700000286102295,2.4700000286102295,3.009999990463257,4.03000020980835,5.53000020980835,5.96999979019165,5.829999923706055,7.25,5.03000020980835,5.0,5.869999885559082,4.78000020980835
0.0,0.0,0.0,0.0,0.0,0.0,0.0,0.0,0.0,0.0,0.0,0.0,0.0,0.0,0.0,0.0,0.0,0.0,-6.840000152587891,-7.659999847412109,-8.210000038146973,-8.479999542236328,-8.779999732971191,-8.890000343322754,-9.329999923706055,-9.300000190734863,-9.329999923706055,-9.380000114440918,-8.859999656677246,-8.350000381469727,-7.340000152587891,-6.730000019073486,-3.9800000190734863,-5.389999866485596,-4.650000095367432,-6.590000152587891,-3.5399999618530273,-3.7100000381469727,3.4800000190734863,5.119999885559082,2.259999990463257,1.6799999475479126,1.690000057220459,10.710000038146973,10.529999732971191,8.539999961853027,6.849999904632568,8.65999984741211,8.949999809265137,8.329999923706055
0.0,0.0,0.0,0.0,0.0,0.0,0.0,0.0,0.0,0.0,0.0,0.0,0.0,0.0,0.0,0.0,0.0,0.0,0.0,0.0,-8.170000076293945,-8.649999618530273,-9.369999885559082,-9.760000228881836,-10.270000457763672,-10.59000015258789,-10.789999961853027,-10.970000267028809,-10.819999694824219,-10.630000114440918,-9.470000267028809,-9.3100004196167,-9.829999923706055,-10.819999694824219,-8.899999618530273,-3.5399999618530273,-1.5,2.130000114440918,4.78000020980835,4.349999904632568,5.820000171661377,8.010000228881836,10.449999809265137,12.109999656677246,10.470000267028809,10.680000305175781,10.329999923706055,8.8100004196167,10.470000267028809,10.029999732971191
0.0,0.0,0.0,0.0,0.0,0.0,0.0,0.0,0.0,0.0,0.0,0.0,0.0,0.0,0.0,0.0,0.0,0.0,0.0,0.0,0.0,-8.800000190734863,-9.0600004196167,-9.5,-9.6899995803833,-9.949999809265137,-10.289999961853027,-10.859999656677246,-11.850000381469727,-11.40999984741211,-12.609999656677246,-13.239999771118164,-12.5,-8.6899995803833,-10.829999923706055,5.71999979019165,10.390000343322754,6.730000019073486,9.09000015258789,11.8100004196167,10.510000228881836,10.670000076293945,11.699999809265137,11.489999771118164,11.229999542236328,11.1899995803833,10.609999656677246,10.3100004196167,11.050000190734863,9.9399995803833
0.0,0.0,0.0,0.0,0.0,0.0,0.0,0.0,0.0,0.0,0.0,0.0,0.0,0.0,0.0,0.0,0.0,0.0,0.0,0.0,0.0,0.0,0.0,-9.510000228881836,-9.319999694824219,-10.229999542236328,-10.770000457763672,-11.680000305175781,-12.510000228881836,-13.3100004196167,-13.970000267028809,-13.859999656677246,-13.199999809265137,9.170000076293945,13.979999542236328,15.729999542236328,14.239999771118164,14.329999923706055,12.430000305175781,11.069999694824219,10.649999618530273,10.649999618530273,10.34000015258789,11.3100004196167,11.850000381469727,10.760000228881836,9.760000228881836,9.649999618530273,9.739999771118164,9.819999694824219
0.0,0.0,0.0,0.0,0.0,0.0,0.0,0.0,0.0,0.0,0.0,0.0,0.0,0.0,0.0,0.0,0.0,0.0,0.0,0.0,0.0,0.0,0.0,0.0,-10.649999618530273,-11.260000228881836,-11.100000381469727,-11.020000457763672,-11.970000267028809,-12.579999923706055,-13.3100004196167,-11.079999923706055,0.33000001311302185,9.1899995803833,10.350000381469727,12.380000114440918,12.619999885559082,12.40999984741211,12.449999809265137,10.899999618530273,11.489999771118164,11.609999656677246,11.369999885559082,10.420000076293945,9.489999771118164,9.579999923706055,8.90999984741211,8.100000381469727,8.199999809265137,7.710000038146973
0.0,0.0,0.0,0.0,0.0,0.0,0.0,0.0,0.0,0.0,0.0,0.0,0.0,0.0,0.0,0.0,0.0,0.0,0.0,0.0,0.0,0.0,0.0,0.0,0.0,0.0,-12.1899995803833,-11.9399995803833,-10.180000305175781,-7.860000133514404,-3.450000047683716,-1.409999966621399,-0.5400000214576721,6.869999885559082,4.909999847412109,6.28000020980835,8.109999656677246,11.800000190734863,11.979999542236328,11.619999885559082,12.609999656677246,12.119999885559082,11.34000015258789,10.609999656677246,9.819999694824219,9.600000381469727,8.819999694824219,8.399999618530273,8.050000190734863,7.510000228881836
0.0,0.0,0.0,0.0,0.0,0.0,0.0,0.0,0.0,0.0,0.0,0.0,0.0,0.0,0.0,0.0,0.0,0.0,0.0,0.0,0.0,0.0,0.0,0.0,0.0,0.0,0.0,-2.1500000953674316,-2.049999952316284,-0.8100000023841858,-0.5799999833106995,0.12999999523162842,0.3700000047683716,0.7900000214576721,10.010000228881836,14.420000076293945,13.720000267028809,11.949999809265137,12.130000114440918,10.680000305175781,11.1899995803833,10.109999656677246,8.8100004196167,8.460000038146973,8.460000038146973,8.15999984741211,7.679999828338623,7.929999828338623,7.070000171661377,6.079999923706055
0.0,0.0,0.0,0.0,0.0,0.0,0.0,0.0,0.0,0.0,0.0,0.0,0.0,0.0,0.0,0.0,0.0,0.0,0.0,0.0,0.0,0.0,0.0,0.0,0.0,0.0,0.0,0.0,-0.4399999976158142,0.25,-0.05999999865889549,0.17000000178813934,0.6200000047683716,2.950000047683716,4.920000076293945,14.279999732971191,15.9399995803833,11.699999809265137,10.300000190734863,8.300000190734863,7.389999866485596,7.920000076293945,8.300000190734863,7.449999809265137,6.690000057220459,5.679999828338623,6.110000133514404,6.900000095367432,7.760000228881836,6.860000133514404
0.0,0.0,0.0,0.0,0.0,0.0,0.0,0.0,0.0,0.0,0.0,0.0,0.0,0.0,0.0,0.0,0.0,0.0,0.0,0.0,0.0,0.0,0.0,0.0,0.0,0.0,0.0,0.0,0.0,0.5799999833106995,0.5299999713897705,0.25,1.6799999475479126,2.9100000858306885,5.230000019073486,9.020000457763672,14.859999656677246,13.789999961853027,8.789999961853027,8.319999694824219,5.739999771118164,4.5,6.010000228881836,4.900000095367432,6.599999904632568,6.389999866485596,6.880000114440918,6.5,7.239999771118164,6.920000076293945
0.0,0.0,0.0,0.0,0.0,0.0,0.0,0.0,0.0,0.0,0.0,0.0,0.0,0.0,0.0,0.0,0.0,0.0,0.0,0.0,0.0,0.0,0.0,0.0,0.0,0.0,0.0,0.0,0.0,0.0,2.2300000190734863,1.0299999713897705,1.4199999570846558,2.2200000286102295,2.940000057220459,10.210000038146973,12.289999961853027,10.770000457763672,8.979999542236328,8.960000038146973,6.46999979019165,4.590000152587891,6.110000133514404,4.559999942779541,5.599999904632568,7.570000171661377,8.600000381469727,8.369999885559082,5.670000076293945,6.139999866485596
0.0,0.0,0.0,0.0,0.0,0.0,0.0,0.0,0.0,0.0,0.0,0.0,0.0,0.0,0.0,0.0,0.0,0.0,0.0,0.0,0.0,0.0,0.0,0.0,0.0,0.0,0.0,0.0,0.0,0.0,0.0,1.590000033378601,1.340000033378601,0.550000011920929,2.240000009536743,9.800000190734863,8.15999984741211,9.149999618530273,8.239999771118164,4.21999979019165,4.269999980926514,3.799999952316284,4.590000152587891,5.489999771118164,6.739999771118164,6.71999979019165,5.670000076293945,6.769999980926514,6.489999771118164,4.840000152587891
0.0,0.0,0.0,0.0,0.0,0.0,0.0,0.0,0.0,0.0,0.0,0.0,0.0,0.0,0.0,0.0,0.0,0.0,0.0,0.0,0.0,0.0,0.0,0.0,0.0,0.0,0.0,0.0,0.0,0.0,0.0,0.0,-0.20999999344348907,1.4199999570846558,6.460000038146973,7.380000114440918,7.289999961853027,6.53000020980835,5.380000114440918,2.9700000286102295,4.090000152587891,3.559999942779541,6.789999961853027,5.070000171661377,2.930000066757202,5.570000171661377,7.980000019073486,7.349999904632568,5.849999904632568,5.019999980926514
0.0,0.0,0.0,0.0,0.0,0.0,0.0,0.0,0.0,0.0,0.0,0.0,0.0,0.0,0.0,0.0,0.0,0.0,0.0,0.0,0.0,0.0,0.0,0.0,0.0,0.0,0.0,0.0,0.0,0.0,0.0,0.0,0.0,2.2200000286102295,5.420000076293945,4.090000152587891,4.230000019073486,4.309999942779541,5.460000038146973,6.019999980926514,7.199999809265137,10.739999771118164,6.989999771118164,8.130000114440918,8.430000305175781,10.430000305175781,10.449999809265137,10.819999694824219,6.360000133514404,5.260000228881836
