json/wind.json
{"header": { "parameterUnit": "m.s-1", "parameterNumber": 3, "parameterNumberName": "northward_wind", "parameterCategory": 2, "nx": 142, "ny": 54, "refTime": "2017-02-01 23:00:00", "lo1": 180.5, "la1": 76.6, "lo2": 321.1, "la2": 23.9, "dx": 1.0, "dy": 1.0 }, "data":
[rows 22 to 43 of 54, columns 0 to 48 of 142]
0.0,0.0,12.0600004196167,11.1899995803833,9.869999885559082,7.889999866485596,6.420000076293945,4.809999942779541,2.630000114440918,1.309999942779541,-0.5199999809265137,0.1599999964237213,-1.4500000476837158,-2.509999990463257,1.6200000047683716,0.0,-1.8700000047683716,-4.760000228881836,-5.139999866485596,-5.679999828338623,-1.0099999904632568,-5.0,-7.559999942779541,-5.739999771118164,-6.869999885559082,-5.900000095367432,-6.710000038146973,-8.0600004196167,-3.049999952316284,-1.059999942779541,-1.5800000429153442,-1.7999999523162842,1.4800000190734863,4.440000057220459,6.320000171661377,6.239999771118164,5.079999923706055,5.420000076293945,6.269999980926514,8.130000114440918,8.65999984741211,8.430000305175781,9.039999961853027,10.220000267028809,10.15999984741211,8.920000076293945,4.110000133514404,6.550000190734863,0.949999988079071
0.0,14.65999984741211,14.130000114440918,13.609999656677246,12.710000038146973,10.850000381469727,8.949999809265137,7.28000020980835,5.039999961853027,3.4100000858306885,1.0,-1.0,-1.399999976158142,-2.299999952316284,-4.300000190734863,-3.430000066757202,0.9399999976158142,-1.190000057220459,-3.700000047683716,-5.309999942779541,-4.289999961853027,-4.28000020980835,-6.309999942779541,-7.699999809265137,-8.8100004196167,-8.229999542236328,-8.670000076293945,-8.8100004196167,-9.869999885559082,-3.5899999141693115,-2.359999895095825,-3.640000104904175,-5.889999866485596,-7.21999979019165,-6.940000057220459,1.6200000047683716,4.96999979019165,4.369999885559082,6.019999980926514,6.929999828338623,7.429999828338623,7.760000228881836,10.100000381469727,10.90999984741211,9.390000343322754,8.850000381469727,6.900000095367432,5.059999942779541,7.860000133514404
15.140000343322754,15.3100004196167,15.510000228881836,15.5,14.899999618530273,13.970000267028809,12.220000267028809,10.399999618530273,8.34000015258789,6.099999904632568,4.059999942779541,-0.33000001311302185,-0.8999999761581421,-3.1600000858306885,-5.409999847412109,-6.690000057220459,-4.329999923706055,-4.989999771118164,-2.450000047683716,-3.440000057220459,-5.150000095367432,-4.809999942779541,-6.159999847412109,-7.360000133514404,-9.369999885559082,-9.350000381469727,-10.680000305175781,-11.279999732971191,-10.1899995803833,-7.119999885559082,-2.7300000190734863,-3.059999942779541,-5.429999828338623,-7.050000190734863,-8.579999923706055,-9.210000038146973,-9.09000015258789,-8.399999618530273,-8.25,-9.029999732971191,-8.720000267028809,-8.15999984741211,-7.75,-1.909999966621399,1.7100000381469727,2.5,5.579999923706055,1.649999976158142,3.819999933242798
0.0,0.0,0.0,15.279999732971191,14.989999771118164,15.289999961853027,13.649999618530273,12.3100004196167,10.789999961853027,8.520000457763672,5.980000019073486,3.1600000858306885,1.2599999904632568,-0.44999998807907104,-2.930000066757202,-4.909999847412109,-6.25,-6.949999809265137,-7.71999979019165,-7.639999866485596,-5.369999885559082,-5.159999847412109,-6.449999809265137,-7.309999942779541,-9.300000190734863,-9.25,-9.880000114440918,-11.699999809265137,-11.010000228881836,-11.680000305175781,-6.389999866485596,-6.690000057220459,-6.099999904632568,-6.650000095367432,-7.539999961853027,-5.860000133514404,-3.690000057220459,-3.9800000190734863,-4.420000076293945,-5.010000228881836,-5.21999979019165,-5.820000171661377,-4.599999904632568,-3.2699999809265137,-3.6600000858306885,-1.899999976158142,-0.12999999523162842,2.319999933242798,3.7100000381469727
0.0,0.0,0.0,0.0,0.0,0.0,14.710000038146973,13.920000076293945,12.100000381469727,10.350000381469727,8.550000190734863,6.599999904632568,4.449999809265137,2.4000000953674316,0.1899999976158142,-2.009999990463257,-3.2300000190734863,-4.820000171661377,-6.300000190734863,-7.78000020980835,-6.5,-6.440000057220459,-6.510000228881836,-8.069999694824219,-8.869999885559082,-8.989999771118164,-9.600000381469727,-10.390000343322754,-11.470000267028809,-11.020000457763672,-7.670000076293945,-7.940000057220459,-7.53000020980835,-8.069999694824219,-5.139999866485596,-8.869999885559082,-3.2100000381469727,-2.9800000190734863,-1.9500000476837158,-1.5399999618530273,0.5299999713897705,-2.1600000858306885,-2.4600000381469727,-2.5399999618530273,-2.930000066757202,-4.639999866485596,-3.319999933242798,-2.2899999618530273,0.49000000953674316
0.0,0.0,0.0,0.0,0.0,0.0,0.0,0.0,0.0,11.140000343322754,9.5600004196167,8.260000228881836,6.75,5.210000038146973,3.309999942779541,1.6799999475479126,-0.28999999165534973,-1.7200000286102295,-3.109999895095825,-4.559999942779541,-5.389999866485596,-5.800000190734863,-6.659999847412109,-7.440000057220459,-9.5600004196167,-9.520000457763672,-9.479999542236328,-9.699999809265137,-8.899999618530273,-8.949999809265137,-9.579999923706055,-8.119999885559082,-8.09000015258789,-8.460000038146973,-9.069999694824219,-8.850000381469727,-7.53000020980835,-6.400000095367432,-2.0299999713897705,-2.3399999141693115,0.36000001430511475,1.1699999570846558,1.9299999475479126,0.47999998927116394,-0.5099999904632568,-2.799999952316284,-4.449999809265137,-5.170000076293945,-4.110000133514404
0.0,0.0,0.0,0.0,0.0,0.0,0.0,0.0,0.0,0.0,0.0,0.0,8.4399995803833,6.900000095367432,5.369999885559082,4.210000038146973,3.3299999237060547,1.75,0.4099999964237213,-1.8200000524520874,-3.369999885559082,-4.739999771118164,-7.809999942779541,-6.96999979019165,-9.300000190734863,-10.619999885559082,-11.289999961853027,-10.029999732971191,-9.270000457763672,-9.6899995803833,-7.409999847412109,-7.03000020980835,-7.380000114440918,-8.789999961853027,-8.710000038146973,-7.579999923706055,-6.380000114440918,-4.920000076293945,-6.039999961853027,-2.890000104904175,-0.3199999928474426,1.940000057220459,2.5999999046325684,1.6799999475479126,-0.11999999731779099,0.5400000214576721,-0.5699999928474426,-2.1500000953674316,-1.7999999523162842
0.0,0.0,0.0,0.0,0.0,0.0,0.0,0.0,0.0,0.0,0.0,0.0,0.0,0.0,7.03000020980835,5.670000076293945,4.269999980926514,2.7200000286102295,0.5699999928474426,-0.5,-3.009999990463257,-4.630000114440918,-6.190000057220459,-7.400000095367432,-7.619999885559082,-8.739999771118164,-10.40999984741211,-11.260000228881836,-10.029999732971191,-8.010000228881836,-8.699999809265137,-8.319999694824219,-4.769999980926514,-4.960000038146973,-4.409999847412109,-5.690000057220459,-3.990000009536743,-5.559999942779541,-0.9300000071525574,0.09000000357627869,-0.28999999165534973,1.9199999570846558,4.349999904632568,3.569999933242798,2.0199999809265137,1.909999966621399,0.8399999737739563,-0.5799999833106995,-0.38999998569488525
0.0,0.0,0.0,0.0,0.0,0.0,0.0,0.0,0.0,0.0,0.0,0.0,0.0,0.0,0.0,0.0,6.349999904632568,4.980000019073486,3.2300000190734863,0.7099999785423279,-1.5700000524520874,-3.259999990463257,-4.489999771118164,-5.829999923706055,-6.929999828338623,-7.650000095367432,-8.109999656677246,-8.270000457763672,-8.930000305175781,-9.390000343322754,-7.380000114440918,-9.220000267028809,-6.739999771118164,-2.7699999809265137,-3.5199999809265137,-6.559999942779541,-3.7799999713897705,-0.18000000715255737,1.8200000524520874,1.3200000524520874,2.8299999237060547,2.509999990463257,2.799999952316284,2.4800000190734863,2.4100000858306885,2.9100000858306885,2.549999952316284,1.4299999475479126,-1.340000033378601
0.0,0.0,0.0,0.0,0.0,0.0,0.0,0.0,0.0,0.0,0.0,0.0,0.0,0.0,0.0,0.0,0.0,0.0,5.610000133514404,4.150000095367432,2.1600000858306885,0.23000000417232513,-1.3899999856948853,-2.5399999618530273,-4.010000228881836,-4.420000076293945,-5.650000095367432,-6.409999847412109,-8.069999694824219,-8.119999885559082,-8.880000114440918,-8.09000015258789,-6.389999866485596,-5.260000228881836,-3.569999933242798,-2.569999933242798,-0.3499999940395355,1.440000057220459,-2.4100000858306885,4.25,4.880000114440918,3.380000114440918,0.6399999856948853,-0.3499999940395355,0.5799999833106995,1.059999942779541,1.5,-0.49000000953674316,-1.690000057220459
0.0,0.0,0.0,0.0,0.0,0.0,0.0,0.0,0.0,0.0,0.0,0.0,0.0,0.0,0.0,0.0,0.0,0.0,0.0,0.0,5.03000020980835,3.359999895095825,1.5800000429153442,-0.2199999988079071,-1.4500000476837158,-2.259999990463257,-3.5,-4.260000228881836,-5.239999771118164,-6.110000133514404,-4.739999771118164,-4.590000152587891,-4.940000057220459,-4.21999979019165,-3.640000104904175,0.75,0.6100000143051147,0.6800000071525574,2.490000009536743,2.8499999046325684,0.7300000190734863,0.10999999940395355,-0.05999999865889549,0.8199999928474426,1.5,-0.28999999165534973,0.1599999964237213,-0.17000000178813934,-1.6699999570846558
0.0,0.0,0.0,0.0,0.0,0.0,0.0,0.0,0.0,0.0,0.0,0.0,0.0,0.0,0.0,0.0,0.0,0.0,0.0,0.0,0.0,5.420000076293945,3.9700000286102295,2.430000066757202,1.0499999523162842,-0.15000000596046448,-1.190000057220459,-1.7400000095367432,-2.819999933242798,-2.0199999809265137,-3.2200000286102295,-4.320000171661377,-3.700000047683716,-2.9700000286102295,-1.5,1.9199999570846558,-2.4200000762939453,1.7599999904632568,2.1500000953674316,0.5600000023841858,0.550000011920929,2.2699999809265137,1.190000057220459,0.5400000214576721,2.240000009536743,1.9800000190734863,1.2000000476837158,0.3499999940395355,0.6600000262260437
0.0,0.0,0.0,0.0,0.0,0.0,0.0,0.0,0.0,0.0,0.0,0.0,0.0,0.0,0.0,0.0,0.0,0.0,0.0,0.0,0.0,0.0,0.0,4.519999980926514,3.369999885559082,1.6299999952316284,0.7400000095367432,-0.3400000035762787,-1.3899999856948853,-1.8200000524520874,-2.4800000190734863,-3.2699999809265137,-0.2199999988079071,-4.369999885559082,-3.759999990463257,0.1599999964237213,1.2000000476837158,4.610000133514404,3.950000047683716,1.7300000190734863,0.9100000262260437,2.940000057220459,1.5800000429153442,2.5899999141693115,2.0,1.1799999475479126,1.7400000095367432,0.8199999928474426,0.17000000178813934
0.0,0.0,0.0,0.0,0.0,0.0,0.0,0.0,0.0,0.0,0.0,0.0,0.0,0.0,0.0,0.0,0.0,0.0,0.0,0.0,0.0,0.0,0.0,0.0,4.539999961853027,2.819999933242798,1.2799999713897705,-0.3700000047683716,-1.8899999856948853,-2.559999942779541,-3.9700000286102295,-6.460000038146973,-7.579999923706055,3.2300000190734863,4.21999979019165,2.890000104904175,3.0199999809265137,3.0799999237060547,2.3299999237060547,2.8399999141693115,1.75,1.809999942779541,2.319999933242798,2.9600000381469727,2.6700000762939453,1.090000033378601,1.0499999523162842,1.0299999713897705,0.6000000238418579
0.0,0.0,0.0,0.0,0.0,0.0,0.0,0.0,0.0,0.0,0.0,0.0,0.0,0.0,0.0,0.0,0.0,0.0,0.0,0.0,0.0,0.0,0.0,0.0,0.0,0.0,1.1799999475479126,-1.7400000095367432,-3.140000104904175,-7.380000114440918,-11.40999984741211,-12.039999961853027,-11.329999923706055,-1.1100000143051147,7.289999961853027,7.480000019073486,3.4200000762939453,2.369999885559082,4.480000019073486,3.9700000286102295,3.569999933242798,3.619999885559082,3.5999999046325684,3.6700000762939453,2.259999990463257,2.2699999809265137,1.5099999904632568,0.9599999785423279,1.2200000286102295
0.0,0.0,0.0,0.0,0.0,0.0,0.0,0.0,0.0,0.0,0.0,0.0,0.0,0.0,0.0,0.0,0.0,0.0,0.0,0.0,0.0,0.0,0.0,0.0,0.0,0.0,0.0,-6.590000152587891,-8.529999732971191,-10.329999923706055,-11.989999771118164,-13.079999923706055,-13.720000267028809,-14.670000076293945,-0.800000011920929,4.960000038146973,7.880000114440918,8.350000381469727,6.590000152587891,6.329999923706055,4.539999961853027,3.8399999141693115,3.630000114440918,4.489999771118164,3.5999999046325684,2.990000009536743,2.359999895095825,2.200000047683716,2.4100000858306885
0.0,0.0,0.0,0.0,0.0,0.0,0.0,0.0,0.0,0.0,0.0,0.0,0.0,0.0,0.0,0.0,0.0,0.0,0.0,0.0,0.0,0.0,0.0,0.0,0.0,0.0,0.0,0.0,-7.03000020980835,-8.869999885559082,-12.130000114440918,-13.5,-14.069999694824219,-14.4399995803833,-14.279999732971191,-2.680000066757202,5.619999885559082,7.809999942779541,6.889999866485596,7.150000095367432,5.599999904632568,3.3499999046325684,3.3399999141693115,4.110000133514404,4.019999980926514,4.010000228881836,3.880000114440918,2.549999952316284,1.590000033378601
0.0,0.0,0.0,0.0,0.0,0.0,0.0,0.0,0.0,0.0,0.0,0.0,0.0,0.0,0.0,0.0,0.0,0.0,0.0,0.0,0.0,0.0,0.0,0.0,0.0,0.0,0.0,0.0,0.0,-10.270000457763672,-11.9399995803833,-12.779999732971191,-12.989999771118164,-13.449999809265137,-13.119999885559082,-11.25,1.7000000476837158,5.260000228881836,5.980000019073486,5.900000095367432,6.0,4.28000020980835,4.679999828338623,4.309999942779541,4.889999866485596,4.019999980926514,4.860000133514404,4.420000076293945,3.069999933242798
0.0,0.0,0.0,0.0,0.0,0.0,0.0,0.0,0.0,0.0,0.0,0.0,0.0,0.0,0.0,0.0,0.0,0.0,0.0,0.0,0.0,0.0,0.0,0.0,0.0,0.0,0.0,0.0,0.0,0.0,-12.640000343322754,-12.9399995803833,-13.329999923706055,-13.149999618530273,-13.170000076293945,-9.4399995803833,-0.7900000214576721,2.5199999809265137,5.679999828338623,6.489999771118164,5.880000114440918,5.5,7.449999809265137,7.519999980926514,6.369999885559082,6.159999847412109,7.179999828338623,6.349999904632568,6.639999866485596
0.0,0.0,0.0,0.0,0.0,0.0,0.0,0.0,0.0,0.0,0.0,0.0,0.0,0.0,0.0,0.0,0.0,0.0,0.0,0.0,0.0,0.0,0.0,0.0,0.0,0.0,0.0,0.0,0.0,0.0,0.0,-13.329999923706055,-13.930000305175781,-13.390000343322754,-12.0,-8.9399995803833,-5.71999979019165,0.49000000953674316,4.28000020980835,5.909999847412109,5.25,9.109999656677246,9.289999961853027,9.050000190734863,7.440000057220459,6.570000171661377,10.670000076293945,8.0,6.570000171661377
0.0,0.0,0.0,0.0,0.0,0.0,0.0,0.0,0.0,0.0,0.0,0.0,0.0,0.0,0.0,0.0,0.0,0.0,0.0,0.0,0.0,0.0,0.0,0.0,0.0,0.0,0.0,0.0,0.0,0.0,0.0,0.0,-13.180000305175781,-12.050000190734863,-10.630000114440918,-10.949999809265137,-7.179999828338623,-2.390000104904175,-0.8299999833106995,2.7300000190734863,2.809999942779541,1.399999976158142,2.369999885559082,8.180000305175781,9.579999923706055,9.1899995803833,6.920000076293945,8.369999885559082,8.09000015258789
0.0,0.0,0.0,0.0,0.0,0.0,0.0,0.0,0.0,0.0,0.0,0.0,0.0,0.0,0.0,0.0,0.0,0.0,0.0,0.0,0.0,0.0,0.0,0.0,0.0,0.0,0.0,0.0,0.0,0.0,0.0,0.0,0.0,-10.4399995803833,-9.569999694824219,-11.609999656677246,-9.630000114440918,-8.800000190734863,-7.489999771118164,-8.420000076293945,-9.34000015258789,-7.829999923706055,-2.25,-2.869999885559082,-2.180000066757202,-5.519999980926514,10.640000343322754,7.119999885559082,8.359999656677246
